RashedAlzer,2017-08-18 22:56,lesbianalone86 marawiq8 ,,en
A8tSaL20yYbCRBW,2017-08-18 21:36,sahomaq8pic,,en
